1111111011100011 1010011110110110 1
0011001101111011 1011010110000001 1
1110110111010110 1110101000011001 0
0111101010001010 1011110110110011 0
1111011001011100 0000110110111010 0
1000000001101110 0101001001100100 0
0000000000000000 0000000000000000 0
1111111111111111 1111111111111111 1
0000000000000000 1111111111111111 0
1111111111111110 1111111111111111 1
0111111111111111 1000000000000000 0
0000000000000001 0000000000000010 0
1111111111111111 0000000000000000 0
0000000000000000 0000000000000001 0
0111111111111111 1000000000000001 1
